1000
8.401877 3.943829 7.830992 2.596880
9.116474 1.975514 3.352228 2.536459
2.777747 5.539700 4.773971 2.257742
3.647845 5.134009 9.522297 2.832390
6.357117 7.172969 1.416026 2.213938
0.163006 2.428868 1.372316 2.608354
1.566791 4.009444 1.297904 1.217618
9.989245 2.182569 5.129324 2.678224
6.126398 2.960316 6.375523 2.048574
4.935830 9.727750 2.925168 2.542715
5.267450 7.699138 4.002286 2.783059
2.833147 3.524583 8.077245 2.838053
0.697553 9.493271 5.259954 1.172112
1.922138 6.632269 8.902326 1.697786
0.641713 0.200230 4.577017 1.126192
2.382800 9.706341 9.022081 2.701840
2.666657 5.397603 3.752070 2.520497
5.125354 6.677238 5.316064 1.078561
4.376376 9.318351 9.308098 2.441905
2.842934 7.385343 6.399788 1.708097
6.878614 1.659742 4.401045 2.760150
8.292011 3.303371 2.289682 2.786745
3.503602 6.866699 9.564683 2.177280
6.573040 8.586763 4.395599 2.847940
3.984367 8.147669 6.842185 2.821944
4.824907 2.158250 9.502524 2.840257
1.476600 8.810622 6.410806 1.863907
6.195965 2.810594 7.860021 1.614916
4.470336 2.261066 1.875331 1.552469
5.564438 4.165013 1.696071 2.813608
1.031712 1.260753 4.954441 2.520950
9.847517 9.350040 6.844450 1.766377
7.497709 3.686635 2.941604 1.464523
5.844885 2.444127 1.523898 2.464297
1.254749 7.934704 1.641019 2.490143
0.745298 9.501040 0.525293 2.043127
1.762107 2.400624 7.977981 2.465309
6.565637 9.674051 6.394583 2.519470
0.934805 1.349024 5.202101 1.156464
0.699064 2.046551 4.614205 2.639355
5.733186 7.555808 0.519388 1.315614
9.999936 2.043286 8.899556 1.250937
9.977990 0.540576 8.705399 1.144658
0.041616 9.230691 5.938922 1.360745
1.631315 3.916902 9.130267 2.639390
3.590954 5.524850 5.794300 1.905152
6.873874 0.996401 5.308080 2.514588
3.042951 9.922285 5.769711 2.755228
7.478093 6.289099 0.354209 2.495606
8.332385 9.253766 8.732713 2.662075
9.794341 7.438112 9.033663 2.967191
6.668803 4.972585 1.639680 2.660024
8.889488 0.769947 6.497070 1.496088
6.294797 2.291370 7.006200 1.633734
3.287770 2.314280 0.741610 2.266144
2.236564 6.511321 5.106860 2.942931
2.800420 5.461069 7.192686 1.226561
4.714834 5.925399 9.443181 1.901835
3.363511 8.476844 4.345133 1.006463
3.449430 5.984813 8.332433 1.467783
6.754760 4.829503 4.819358 1.609911
7.120873 1.825558 6.218228 1.081729
4.139837 6.959838 6.739365 2.275280
3.471159 1.846225 6.091059 2.254316
7.307293 3.283744 7.404384 1.404426
9.209144 6.847565 6.531303 1.514531
5.324410 0.876436 2.604969 2.754768
6.861249 0.937402 1.112756 1.723202
5.766905 5.932115 6.665566 1.577556
7.757672 2.883794 3.296421 1.379502
9.843632 0.035786 8.273911 1.662958
1.882010 4.364970 9.586370 2.837861
7.648714 6.990754 1.211432 2.371572
3.838319 7.742735 9.430513 2.832546
8.619171 2.035482 7.936568 2.096084
2.972885 9.049325 9.096430 2.747958
4.981439 5.761995 1.627567 1.547822
8.645790 4.923988 4.636622 2.697884
4.959774 2.910533 1.804212 2.368357
7.275503 1.390582 6.031088 1.984843
8.381336 7.242520 1.782075 1.443931
4.985255 1.212588 1.382385 1.720885
3.248070 9.318953 9.084847 2.244191
8.368278 8.181276 4.960744 1.669943
3.943272 6.588312 6.088829 1.517812
1.512300 0.725450 1.078483 2.294415
3.635983 2.882695 3.313858 1.182297
4.273277 9.344946 5.835703 1.530923
6.587466 7.617778 4.874269 1.314544
8.830366 6.256653 5.177147 1.415687
5.575606 4.261994 8.299390 1.788777
2.443270 3.260135 7.293601 2.277308
9.848446 3.382429 8.975603 1.272149
4.107879 0.054085 7.832820 2.548772
2.936781 1.146678 8.655348 2.442012
0.491625 4.491051 9.864671 2.415818
2.108829 4.738940 8.651812 1.187839
0.995593 3.828959 3.017631 2.314240
8.090953 1.317021 0.515083 1.106845
4.577156 7.808684 6.920764 1.885120
1.191113 5.896367 5.786348 2.059798
5.950453 3.619168 3.042855 2.777447
4.765847 1.698203 6.097291 2.051494
6.189254 5.961962 2.336562 2.659617
0.700902 0.988374 9.237278 1.339299
4.817334 2.254909 8.267694 1.581657
3.571931 8.782777 3.442510 2.629817
6.591460 0.363274 2.574689 2.556515
6.259641 8.361037 3.081566 1.442019
1.980206 6.124420 1.097327 2.349210
7.822623 7.194618 2.003524 1.802375
3.156580 4.340086 2.309960 1.771496
5.328460 1.547238 5.553977 1.029159
3.802147 3.821671 3.054080 2.474815
2.604448 6.496590 5.523164 2.839182
6.859864 8.097853 6.978482 1.623901
6.458890 0.060048 5.329598 2.687819
6.184468 6.426925 5.185149 1.801418
3.621543 7.188672 8.018967 2.355625
1.528758 0.328927 0.635606 2.371444
1.876164 6.189583 7.003011 2.135662
0.011255 0.057091 3.052388 1.523141
6.553681 8.575552 1.811612 1.682709
6.673405 8.790094 6.533049 1.626459
8.850142 1.862648 1.571392 2.006922
8.289573 6.756541 9.041700 1.382223
3.945213 7.060667 8.689240 2.094794
7.389594 9.324846 2.331189 2.853152
5.514429 9.334200 4.944069 2.105137
9.391292 7.996457 8.141387 2.188995
6.572009 9.952999 9.358517 1.649083
8.743094 5.891567 6.377710 2.518647
7.754215 7.949102 2.627846 2.208758
4.705642 1.669546 7.954904 2.730171
8.730213 6.644144 4.124826 2.223961
5.968990 6.456015 5.385565 1.296684
5.790215 0.329634 7.009103 2.036301
8.326091 5.150491 1.126479 1.979620
5.103490 0.484997 8.143514 1.769317
6.376564 4.521224 1.439820 1.826156
2.470325 4.067666 0.174566 2.435193
5.737212 8.129470 5.826823 1.893485
4.773614 9.951648 0.587232 1.148521
6.407663 5.972798 2.226024 1.439576
6.302432 9.235127 7.379385 1.925704
4.385618 8.505864 9.526623 2.897822
8.990861 7.670137 3.335692 2.073485
2.191361 4.775512 9.498203 1.932337
8.843178 9.672769 1.837653 1.916078
7.802239 7.664476 9.047815 1.515171
7.616124 9.635048 3.318458 1.804758
5.607845 5.544482 6.221666 1.382055
4.779609 3.601051 6.538799 2.833045
2.106916 6.065422 8.654335 1.219555
3.735558 1.990027 6.465202 2.185384
6.765540 5.963405 0.588605 2.121744
5.636174 2.426258 0.189108 1.687683
0.090734 9.236923 6.014267 2.541372
8.871970 9.332725 1.730647 1.895963
4.877207 7.952313 6.390092 2.931363
1.553364 2.928891 8.822043 1.732056
8.994313 7.476378 4.758056 1.545974
9.466405 1.223258 8.656790 2.246389
7.186663 9.245395 1.840662 1.564568
1.671654 2.029770 6.261251 1.352478
1.266692 2.275519 9.469247 1.027733
1.608244 1.199893 4.618478 2.297090
9.152206 1.008570 6.142267 1.141114
3.937461 4.964310 4.365849 1.586355
2.440687 9.123905 5.661645 1.381418
0.347164 4.318435 8.139037 2.506765
3.563830 9.979699 0.356664 2.047097
2.009469 6.617916 6.997872 1.655232
8.893435 6.467118 3.414824 1.100336
7.667011 8.033302 6.987130 2.363843
9.041871 3.129397 7.524787 1.595866
8.093707 1.890636 5.911106 1.106879
1.014542 1.572751 2.441486 1.272341
5.891186 0.580523 8.895532 2.891003
0.560222 9.252196 4.690500 1.513938
5.870112 1.688372 5.845852 1.952709
8.155490 9.260675 5.265226 2.164500
7.293977 2.252356 2.641719 2.267170
5.381753 0.166506 9.315181 1.695092
2.057142 5.226287 4.009854 1.614337
6.799038 6.451340 4.433389 1.538045
7.031862 3.328920 2.145240 2.518417
2.581117 6.835740 0.161775 2.690246
8.524112 6.007626 3.214775 2.335920
5.268302 8.480001 2.502103 1.512456
0.732357 5.143822 8.898127 2.222822
5.310328 8.213308 9.589569 2.473494
3.439594 3.599422 0.439153 1.047726
0.050762 4.872542 2.928856 2.416525
8.201462 5.074096 4.674709 1.156516
1.909835 4.836484 9.233808 1.086789
0.844110 2.448583 7.113549 2.222482
0.928584 9.615652 8.674691 1.332188
4.759474 7.572818 7.775050 1.013960
5.786126 7.364619 7.437271 2.845144
0.964041 7.876424 9.464352 1.202961
2.748965 2.393208 8.097428 1.190085
7.467303 2.772136 1.733006 2.875428
7.608620 0.966814 9.811086 2.690546
3.415397 6.924635 4.565142 1.868796
6.540286 3.239832 6.004922 1.259952
0.812650 3.779971 1.369561 2.319755
1.144590 8.806832 5.824496 1.421726
6.683255 5.288848 3.123435 2.886444
7.682056 1.220862 0.382648 2.029872
3.992999 2.115655 4.526498 1.320324
3.082469 4.337584 0.054349 2.299573
1.262219 4.619491 0.841846 2.560501
7.859323 6.846768 9.102265 2.734395
0.626739 0.471826 5.270750 1.354266
9.278658 1.095246 3.879961 2.192383
6.384094 7.003396 5.394134 1.813230
8.224259 5.776783 9.215510 1.443452
7.892437 3.742008 3.818877 1.194981
8.079593 3.873225 7.472771 2.868362
8.492716 8.314618 7.144317 2.270408
5.161386 6.246582 5.024013 2.157625
6.718408 0.294762 7.559455 2.199413
1.390008 1.439416 1.958979 2.554820
8.442812 7.353113 1.840253 2.333414
3.129895 1.055763 8.884329 1.204467
4.797771 2.703205 1.997238 1.575473
6.576430 9.470010 2.219175 2.013829
7.784627 9.363492 1.421186 1.589203
5.610074 6.445198 8.734138 1.465696
6.739961 6.293593 8.325547 2.625994
7.733009 0.284525 5.904071 2.235164
7.637638 7.744324 2.842893 1.153507
8.800087 1.727221 1.789866 1.719572
4.430426 3.787105 6.475222 1.201371
3.257114 8.694398 6.076003 1.208348
8.057890 7.497189 3.987755 1.733593
3.942388 2.721893 5.996445 1.136470
9.015486 4.321991 8.812317 2.349699
4.606517 4.716388 2.924317 1.448831
2.460712 5.767210 3.011689 1.252160
7.494432 4.801555 4.858658 1.384972
8.588660 1.333880 2.931715 1.369155
0.028278 9.007718 2.887516 2.617234
6.504907 6.875271 1.754131 1.089459
9.597164 7.750576 1.129643 2.722530
2.072567 9.941960 5.361146 2.335817
4.658348 8.285463 8.923238 2.423812
4.052673 1.934927 8.379859 1.309421
6.736482 3.238517 3.471963 2.065028
4.572397 6.403678 7.170916 1.920135
5.411396 0.058432 2.686842 1.383261
6.933703 4.440973 2.363598 2.306173
2.191549 3.493241 5.143517 1.852823
3.435200 0.504663 0.943199 2.618710
8.790126 9.866437 5.212608 1.568560
1.801363 3.592467 4.389904 2.707569
6.830983 7.861867 3.862987 1.280676
4.265545 1.033902 6.004054 2.935388
1.092334 8.690897 1.593244 2.605207
3.131870 3.956842 4.556904 2.064684
7.450083 9.700421 9.587535 1.177057
0.205084 0.530733 8.978831 2.799042
0.397170 4.191439 1.838009 1.439707
7.783906 6.227913 0.736379 1.922978
4.089781 4.599365 6.018269 2.671065
5.633267 2.022323 8.032267 2.345120
0.713220 9.625511 4.751639 1.769018
3.582353 9.308543 9.168509 1.206487
9.008964 8.756044 1.917719 2.842809
9.286777 0.896550 8.209256 2.936789
5.087989 0.047265 1.882481 1.574379
6.275178 2.618859 7.486784 1.072992
7.218224 3.505053 8.720284 1.570298
5.527376 6.752551 9.577093 2.248119
6.378062 4.328732 0.085686 2.992083
3.637275 9.254195 0.992851 1.529248
8.010239 2.910570 1.860285 2.459403
3.807120 0.069542 6.980963 2.779022
0.116807 8.863443 1.767003 2.278397
1.482303 9.253787 6.756944 2.740105
2.758840 5.477228 1.552019 2.657243
2.229780 1.129112 4.526812 2.721568
5.457844 4.612498 8.568258 2.819024
3.866693 9.561109 1.741357 1.375386
2.471679 3.601643 9.173947 2.255760
3.671185 6.154910 5.173907 1.757598
5.018353 6.940911 0.179977 2.300131
6.194698 6.936921 5.201183 2.790707
2.414149 6.753201 7.239753 1.928786
7.882313 1.766564 3.251771 1.668032
6.379062 1.820029 2.435277 1.049151
1.381137 4.176634 2.122687 1.770563
7.778277 1.296634 0.131615 1.289892
7.451544 5.305522 5.237453 1.493979
2.246433 5.417430 8.970553 2.688226
2.354351 4.171736 7.394667 1.953700
0.924937 4.634420 9.412429 2.761450
6.400984 2.664200 2.147409 1.556009
4.484228 4.582686 3.025801 2.173073
8.759320 5.148488 9.718182 2.307519
6.445122 9.849796 7.987059 1.779333
5.155318 3.224512 6.366563 2.480350
8.641943 5.337117 5.842881 1.199259
9.508853 3.237548 5.764793 1.086758
7.871969 5.177222 9.241041 1.854591
7.841422 1.388450 7.052999 1.465130
5.971135 0.078801 8.191016 1.946091
5.227289 7.909198 1.268052 1.334482
7.758994 9.255111 5.569077 1.582863
2.479623 1.935641 0.316064 1.224313
7.272757 6.158945 2.117859 2.356322
9.396493 7.882653 7.215400 2.453692
3.059875 6.456441 1.541415 1.180259
7.844891 8.594414 3.226948 1.763205
8.673215 1.417964 8.546481 1.780101
9.327162 9.814533 5.572915 2.417231
9.069643 1.141992 0.000469 1.309853
3.077632 0.316532 2.670832 1.070078
6.475477 4.788691 7.131999 2.174394
2.671344 4.347399 3.140432 2.146244
0.803840 4.681846 6.632516 2.729746
3.276260 9.859463 2.464757 1.389895
1.277427 1.011237 5.849979 1.120918
0.825770 1.422893 7.690745 2.979083
2.564885 7.691214 1.444680 2.128503
8.007746 4.115512 5.992907 1.896645
8.904203 3.124906 0.355193 1.315109
7.472306 3.495625 7.306765 2.655229
8.177471 3.939281 6.924877 1.290746
3.798744 9.389633 3.403206 2.015234
0.400871 9.253185 5.680760 1.245328
0.676078 3.371505 1.122054 1.648193
1.062719 2.566733 8.883481 2.814093
6.682245 4.876388 3.553687 2.117290
8.001294 3.908880 7.161995 2.094720
7.404505 4.468760 3.749746 2.116395
8.408041 0.674623 7.035707 1.441357
0.064256 0.438913 7.282957 1.093025
9.692098 2.963717 1.691767 1.073635
6.335222 2.813821 3.609139 2.479588
5.380554 2.492620 6.468405 1.412560
7.369008 0.022092 7.649247 2.074060
3.930973 4.811241 0.843902 1.267096
9.280001 4.593647 6.917453 2.537609
5.268270 3.953160 9.894828 2.066505
4.392073 7.177785 5.797653 1.816834
0.141502 7.489420 4.452347 2.295345
0.303240 8.061486 3.874663 2.136759
0.554106 0.343068 7.746593 2.584623
0.365160 5.395839 3.293417 1.859227
0.207081 4.137318 5.631611 2.897416
8.730966 2.549064 7.175125 1.799847
6.502224 7.069953 9.331761 1.178859
4.247737 5.129414 4.978468 1.877848
2.618834 9.430814 0.865962 1.584415
7.492301 4.740626 8.605868 2.609281
5.083694 6.352461 5.969521 2.089771
1.748300 9.262938 9.744987 1.391076
3.400256 5.376598 1.442463 1.426244
7.925662 8.617587 6.130458 1.885577
5.687540 5.462219 5.322183 2.987055
0.591633 0.300651 4.324516 1.642093
9.731466 5.190478 6.132541 2.444753
9.931104 4.738409 5.270173 2.002960
1.090870 1.239695 0.463652 1.567834
0.502633 0.208639 4.794551 1.780578
5.585237 6.237013 6.034111 1.702180
4.854601 2.164569 7.938785 1.108428
7.626788 3.260968 0.477418 2.643684
3.561620 4.801934 1.428888 1.658617
9.992412 7.561429 0.516852 2.984703
2.299838 5.787025 4.938313 1.678142
7.026719 5.401965 6.229878 2.505870
5.610604 1.024429 1.432241 1.239168
7.261442 7.466352 4.706740 1.423209
9.630921 2.645525 2.658183 2.451542
5.906494 3.135601 5.476130 2.893623
7.937534 6.905017 2.761199 2.585989
4.466446 3.278050 7.853462 2.353257
9.065075 2.791775 0.156992 2.218359
8.193740 6.386871 3.621147 1.760869
7.411299 5.053388 5.000186 1.934548
2.519740 9.706926 6.788785 1.430132
2.352452 9.446968 9.408370 2.651789
2.582569 4.884500 7.727059 1.104021
1.789517 0.488258 8.450050 2.251193
3.766308 6.303511 3.022248 1.566277
9.095287 3.179240 8.923178 2.457805
9.566111 2.544325 1.093372 2.395482
7.597713 6.093558 1.650152 1.023491
5.800484 8.438936 2.268114 2.630587
7.885904 1.676484 6.411881 1.093695
6.560984 4.138941 0.988576 2.670100
4.627199 9.438626 4.606465 2.678701
5.742137 7.628713 1.224891 1.967485
0.807953 0.148069 2.126451 1.074813
2.692394 3.219822 7.351473 1.058021
9.313380 9.001625 0.407559 2.022773
7.440562 2.675674 3.266799 2.065293
4.352158 9.678681 5.794939 1.182628
3.817622 6.783515 9.263644 2.688964
6.222140 3.870108 6.838328 1.392855
1.498821 8.063219 6.801701 1.461355
8.211288 8.928152 2.680837 1.180736
2.147974 0.032310 1.193788 1.292271
9.033936 1.601347 6.575217 2.294899
4.277021 9.842016 1.800963 2.725836
9.520697 7.595902 9.542321 1.667664
4.379416 8.805965 1.783139 1.120311
2.676073 8.621467 2.565834 1.834979
6.684686 9.367535 6.481667 1.979195
8.295687 9.162504 5.799655 1.088732
9.194815 6.993442 1.905014 2.645750
8.594789 8.480232 4.703248 1.574362
8.322248 6.504211 1.500988 2.568589
4.100113 1.043309 1.181264 2.695906
9.849274 2.964403 9.081086 1.505069
1.585870 1.646920 6.700241 2.654111
1.014455 3.181908 3.166530 2.862028
2.344413 8.966184 9.753803 1.307846
5.959627 1.658818 9.767978 1.910883
0.139049 4.471226 7.426226 2.692259
0.975437 8.927214 6.304243 2.015110
9.970524 7.485507 3.555079 2.963960
0.449910 2.636165 2.345145 1.407156
4.283085 9.045385 0.306337 2.059508
2.227293 3.472866 4.607683 1.914341
2.439051 4.361486 6.110934 2.679735
6.020304 5.878912 2.953094 2.231871
0.350138 0.379320 4.620650 1.265115
9.306534 0.924893 6.401126 2.855412
8.410400 9.956205 9.096855 2.772062
2.592370 1.442000 0.896090 2.375091
0.487385 1.202427 2.172995 1.542936
4.675293 6.780678 7.286385 2.422869
1.142164 3.397319 5.513021 2.432494
9.276231 8.466115 3.321820 2.925274
8.845434 7.942471 0.951945 2.630394
8.867363 7.353071 7.429026 2.455553
7.309276 6.525881 6.138072 2.980329
7.967881 7.034162 6.777101 2.691053
8.236589 8.950096 1.169945 1.582376
5.730774 8.456330 0.026226 2.374588
1.853649 5.539247 4.035406 1.225976
4.005362 7.357227 0.756249 1.570159
5.299697 1.708193 1.002764 1.833412
9.061264 8.431790 1.444823 2.274108
4.957672 7.582896 6.272185 1.585111
4.617058 3.049286 1.380820 1.570729
1.999382 2.550765 5.765529 2.546031
1.007095 5.791755 4.603094 1.572149
1.331002 8.638500 3.990623 2.067273
5.995727 4.746872 8.187160 1.259085
6.455065 9.189924 5.462484 2.103266
7.621714 6.907307 1.886869 1.515877
4.490203 8.159054 5.504939 2.821452
1.208339 6.885759 1.960908 1.641544
9.436524 7.726438 0.937877 1.088724
3.518193 5.540971 3.304362 1.969839
4.179471 7.294985 0.185558 1.035040
2.041857 8.372718 1.470622 2.699384
7.562642 6.933106 4.013251 2.036871
3.840413 5.900119 7.763741 2.666123
4.059173 3.268680 7.437877 2.053502
0.154439 9.398786 8.475233 2.918192
7.125223 9.413109 0.034581 1.128683
4.954080 3.338943 5.492611 2.826710
0.633928 5.678169 9.308749 1.535157
4.050887 0.779371 1.172706 1.322706
7.712476 5.185957 6.797884 1.310578
1.086076 4.561625 9.883506 2.029050
7.830305 7.321384 0.412760 2.596949
6.720169 8.887993 7.575706 1.769078
8.301102 7.610287 4.488808 1.651036
0.949230 9.981419 2.388733 1.316632
5.659587 1.697482 4.258942 2.942095
2.476853 5.431649 1.324002 1.037866
0.617606 8.121886 1.742219 1.340736
2.683511 1.625725 6.848930 1.102763
8.947109 7.261690 8.498559 2.133456
6.149684 6.074265 9.512670 1.890157
3.684552 4.001478 7.705968 1.926756
3.982897 0.094701 6.216939 2.928497
1.792183 0.475882 9.352958 1.853807
5.907531 0.676960 4.458365 2.305027
8.798846 6.200584 8.228818 1.296471
7.826309 5.077748 1.996173 2.354683
2.339438 0.494732 2.440695 2.697824
6.568997 1.953365 2.939908 1.050710
5.954843 0.645876 4.887331 2.987548
0.740577 1.104271 9.580223 1.506552
1.580152 8.933181 6.801796 2.497537
9.610141 1.260161 4.012819 2.681797
7.460745 2.241637 9.891344 2.057411
7.319385 1.887517 2.060471 2.931765
2.382248 4.501166 8.147945 2.790249
6.454531 1.087852 9.204795 1.481875
1.733728 4.092126 2.347112 1.494861
5.196397 1.927336 5.007066 2.355310
0.860517 1.808862 4.264232 1.094132
3.069023 8.277052 8.879645 1.105954
0.518689 8.770989 5.816822 2.567615
0.658506 7.877293 7.496897 1.608151
2.378459 5.644841 1.992000 2.766598
6.732694 1.196795 1.242363 2.693284
5.288921 3.589475 0.940727 1.097063
5.516811 5.947792 7.261866 2.275465
7.756654 1.526099 6.847985 1.165135
9.803150 5.727630 1.355445 1.064368
4.498619 7.172267 8.159913 2.031425
5.049560 5.656809 8.197879 2.485604
1.301651 0.189879 6.261008 2.606869
1.386674 7.503371 6.500766 2.335119
1.092846 7.441493 7.160912 2.321931
3.389285 4.422778 2.986985 1.229188
5.948877 9.834970 1.971617 2.150406
5.562600 3.327062 6.073867 1.012244
0.499329 4.233780 5.218345 2.109778
9.890589 3.416224 2.976908 1.238448
3.606103 9.237917 9.226584 1.998555
6.741288 5.727350 1.668371 2.566827
3.168843 8.829283 4.443792 2.311626
3.252061 7.430776 7.704067 2.840188
7.265746 9.675684 4.952965 1.565669
3.002745 1.026832 2.889566 1.700415
5.260612 8.107910 9.050964 2.030240
1.524134 2.027873 6.343440 2.026047
1.265790 5.570024 0.123013 2.601416
1.297374 1.791383 5.841212 1.893243
0.620666 0.285004 1.024344 1.774545
7.715780 8.728411 3.073665 1.996305
8.404095 8.026630 7.809872 1.281368
9.053462 0.699438 4.908915 1.862815
8.807348 3.959879 9.465275 1.066296
5.987752 5.808715 5.461718 2.450708
1.378739 5.584731 5.260619 1.535223
7.376114 1.101832 7.142330 2.599356
1.386836 8.166674 1.869507 2.820523
6.895085 4.943171 4.084142 2.059836
2.969802 1.894014 6.706020 1.404653
2.593451 1.614935 6.337338 1.280160
5.574815 5.802613 1.732281 1.312513
1.611328 7.193999 8.816108 1.598014
2.778730 4.076728 5.666181 1.030969
5.178560 2.808511 8.151624 2.313079
0.975185 0.021130 5.668011 2.574054
4.964302 9.752152 3.169450 2.586821
1.646166 9.875471 9.957367 1.847923
1.490406 6.294706 5.640416 2.413044
2.097319 7.372697 8.627787 1.741729
4.566697 7.443896 6.698714 2.469085
1.520623 2.364895 7.500270 2.339837
5.173406 5.651894 3.264578 2.229718
5.673025 8.932589 4.018861 1.127465
8.684741 7.188312 8.571430 1.066181
7.063782 8.528797 4.570524 2.710838
4.823503 0.210940 5.619409 2.384164
7.583638 4.247196 0.629468 1.430067
1.691092 7.328183 9.495761 1.642343
9.693078 6.996031 9.910898 1.973297
2.647925 3.175476 1.015074 2.664190
2.108065 5.033936 8.958277 1.158561
2.222247 7.529707 1.123712 2.857206
6.058504 5.694236 7.840218 1.176401
5.905176 3.459627 7.802829 1.697763
7.706823 8.432297 5.639148 2.879583
5.760479 5.134909 2.609629 2.090711
2.130940 2.520527 0.320041 1.955773
5.696003 1.335115 3.099815 2.560814
6.369051 2.058092 8.596874 2.718260
9.587799 9.720586 7.877328 2.129261
5.414822 5.717546 6.528310 1.264000
9.177172 4.331138 4.808811 2.376799
2.763435 0.447959 6.281909 2.704783
5.582868 8.891539 3.977472 2.542762
1.412066 4.297513 2.492673 2.421614
5.632628 5.592489 4.912138 1.400336
7.650581 3.509011 0.592977 2.447676
3.229597 8.470305 2.884683 2.728884
4.187851 9.412993 9.964416 1.673005
3.744131 4.773227 0.249018 2.301513
5.221187 6.530927 5.031481 1.160811
5.422466 9.008953 8.517863 2.366906
3.306466 1.010536 3.942601 2.787819
6.603025 8.854739 0.940773 1.850721
2.363750 1.533751 1.491985 2.118669
0.004056 4.376668 4.237765 1.838381
3.789660 4.202181 7.556930 2.506758
8.975409 7.805948 4.041358 1.839319
4.336875 9.072839 5.000650 2.951868
8.081792 3.518513 6.593872 1.277651
4.529049 0.536473 0.327351 1.226415
9.391211 1.268124 5.385679 1.350992
2.801875 6.877664 7.348308 1.561186
1.254332 1.586073 6.997838 2.008799
5.788254 4.554767 2.577784 1.952733
2.360715 6.619142 8.960258 2.339518
5.691980 3.960908 6.456930 1.754754
7.479421 3.050801 5.162029 1.401694
3.587274 5.489380 3.140543 1.595697
6.757505 8.526222 4.733447 2.911876
5.403887 2.081755 2.365310 2.331644
3.667828 9.363148 1.702211 2.891216
3.917915 4.279995 4.219746 2.255726
0.899137 3.180004 2.976219 2.318223
7.140912 9.433149 0.364889 1.924067
2.483950 5.526918 6.628804 2.214245
1.016298 9.769347 9.049710 2.554760
8.295569 3.783157 7.333182 1.739891
5.864911 9.698492 0.357674 2.906548
9.061640 2.059886 8.988822 1.595911
6.339881 3.208567 9.258186 2.447803
6.388571 2.234405 3.830134 1.705897
1.667554 4.195022 8.149818 1.830301
9.721940 4.778621 0.222729 1.147648
4.547968 9.272439 8.512040 1.568708
3.055595 5.845222 6.542994 2.784101
5.543714 6.900668 8.453246 1.921071
8.960554 7.442068 7.584909 2.060087
0.650635 6.843095 2.539452 2.407841
9.077500 6.369585 0.568690 1.149011
0.564608 8.718508 4.896559 1.057310
3.497129 5.119288 1.024785 2.609020
4.391726 9.536825 0.888636 2.489464
5.382047 7.431629 6.367828 1.185152
4.332298 4.821074 5.531114 1.658570
2.263142 3.116024 8.593286 1.582755
9.959119 1.132737 9.952984 2.807324
7.502323 0.521674 9.781673 2.613386
9.240182 4.678232 8.353478 1.547462
9.797520 9.378264 0.782409 1.837849
8.915089 1.671044 1.636568 1.859427
9.102674 8.004396 5.222897 1.686994
2.825470 0.754011 6.727823 2.017722
3.870035 5.321109 8.002390 1.765831
6.453846 7.955374 2.865773 1.791234
8.477048 2.647446 2.023099 2.543446
7.325678 0.376578 0.454541 2.424640
9.754842 1.236950 1.312444 2.733986
2.907994 2.949012 2.967067 1.402134
0.953408 8.189964 5.445639 1.755776
8.943974 2.173462 8.867491 1.562802
7.494570 6.869881 6.643162 1.789683
4.825254 9.508935 7.904585 1.660460
2.156381 9.927684 1.019531 2.896412
0.304262 1.474072 6.605257 1.011821
2.711022 7.917702 8.729034 2.123803
0.866714 1.696101 7.629683 1.364024
9.886065 3.075322 5.599001 2.766008
5.248784 4.466492 1.644048 1.548671
1.336372 8.287210 6.691770 2.232325
7.796145 4.596355 9.463929 2.990505
4.524038 0.483460 9.434585 1.965660
1.957532 6.039843 4.887403 1.933711
3.957545 3.616437 0.287570 1.964852
5.312539 7.917253 6.644381 2.039721
0.992575 2.243381 4.028642 2.248272
6.709873 5.672690 8.984713 2.609249
3.959901 5.676483 4.207872 1.351209
0.272838 3.671801 1.708572 1.959375
4.155261 1.143157 9.625176 2.222559
7.183000 4.512579 0.781347 1.228109
8.129017 1.068917 5.964803 1.688311
8.986170 2.609184 8.640159 2.995749
4.852566 2.668801 6.220105 1.312488
8.341492 5.204818 9.608685 1.460278
0.881301 3.816557 4.057438 1.230828
7.488358 5.766010 5.951015 1.328724
6.909168 5.576191 7.756412 1.818434
0.088771 8.537760 5.232713 2.643557
9.606677 1.197516 1.659343 2.718570
3.806700 0.299502 8.571593 2.731853
2.968303 4.791699 0.221705 1.261959
9.996517 9.830389 3.611187 1.175564
3.646946 7.668625 2.031958 1.227061
3.434635 7.982973 2.778923 1.068761
3.559164 0.535336 4.435971 1.729587
9.073096 9.668684 1.865722 2.735955
0.866200 3.525065 7.272620 1.934580
3.824566 5.844214 3.332166 2.358574
0.635912 3.553871 8.102663 1.126486
3.384260 1.713850 1.510248 2.406241
9.382474 3.542205 8.166511 1.563422
1.525178 0.945434 3.160913 2.016868
1.480770 7.596884 8.732276 1.110773
7.265568 0.597998 9.233638 2.626354
4.123063 6.506259 2.804668 2.589526
2.350473 6.136834 4.740497 1.597277
9.690705 2.843160 3.618814 1.614993
4.557010 5.129062 0.106171 1.787897
8.671267 8.272682 6.756594 1.039289
9.218116 9.917507 5.280787 1.139777
7.514391 4.013063 1.252751 1.955992
4.611062 0.486390 2.911727 2.746825
6.992648 5.716395 6.681753 2.868624
1.853229 1.422250 2.329506 1.308787
4.265411 5.948321 4.618899 2.764484
1.077383 4.725070 2.761905 2.949730
2.997752 9.518499 9.945096 1.443174
9.436006 5.225883 2.914753 2.390079
9.238946 4.167504 1.730355 1.770002
4.653894 4.642082 2.584132 1.329308
0.358477 9.265885 0.989663 1.442341
0.688135 3.319170 3.755640 1.990709
9.267491 8.374539 3.775966 1.068975
3.099609 6.537871 0.093524 2.219472
6.056370 0.038620 8.313229 2.098475
5.264503 1.227982 2.442772 1.900690
5.395486 4.173128 8.353457 1.009876
8.815210 0.937589 1.695921 2.834737
0.203474 2.685585 1.385393 1.178322
6.004754 5.141033 5.845155 2.054449
3.515572 9.621122 5.617118 2.323036
6.158993 5.710643 2.712542 1.443073
5.749262 1.025771 7.707738 1.202753
2.253753 0.150510 5.517214 2.529848
4.323638 3.870671 7.698618 1.627770
4.808261 9.394539 2.312534 2.002347
2.080124 3.697927 5.903345 2.616976
8.838960 1.748500 3.357123 1.470906
1.369622 8.974241 8.969713 2.505723
4.684884 1.682255 9.743977 1.086829
2.708026 7.451715 1.447911 1.992356
7.602225 6.965126 2.611017 1.385173
0.835797 0.309635 5.064711 2.128812
9.704174 7.377245 0.655793 1.356859
1.075172 6.559137 9.869176 2.982826
8.307638 3.226298 2.268664 2.935452
2.200540 1.238376 7.205874 2.377085
2.920631 6.949851 7.319569 2.125731
4.401566 8.767481 0.590435 1.400758
5.732606 3.201451 3.929655 2.313681
3.511086 8.994366 2.212461 1.643052
6.371611 2.868254 4.999557 2.489357
9.427391 4.868733 7.360915 2.547006
8.095031 9.629579 7.412288 1.059114
0.867955 4.618162 7.180994 1.757717
1.568013 4.500563 9.417242 2.193916
3.268044 0.007677 7.973371 2.800130
3.209128 1.903026 5.569054 2.344043
0.897392 7.781515 9.935474 2.453801
0.649769 4.935031 4.715786 1.015432
9.803764 2.076701 7.812190 2.579759
1.706280 5.224478 8.194365 1.514847
9.842640 5.375359 6.362820 1.282131
9.875922 5.780062 7.380233 1.628793
5.787739 5.353604 2.144617 2.799374
7.256630 7.713671 5.717082 2.630804
5.495186 5.652556 5.423025 2.228991
0.587587 0.138811 6.222116 1.078270
2.215512 4.034305 8.290145 1.784358
9.258783 6.484510 6.496026 2.820285
1.859869 2.858847 0.512077 1.347158
8.638909 7.892310 4.879758 1.885330
3.245914 7.024375 3.423516 1.100509
4.738045 9.140598 8.656566 1.046646
4.793154 4.079591 6.378186 2.076148
4.218402 2.600302 5.772092 2.286783
6.634608 4.062237 0.355706 2.178678
0.546747 6.851733 4.994814 1.481323
9.710579 5.506891 4.142407 2.669898
3.399201 9.022165 2.776137 2.329023
6.046540 6.199653 7.147659 1.156917
5.340252 5.804225 1.017816 1.026681
9.883816 7.396003 5.514147 1.820444
9.996305 1.286239 0.536133 2.326183
5.348476 0.891839 2.524304 2.179044
7.743572 7.519118 8.301838 2.490830
3.026009 2.444246 5.803640 2.285042
1.466411 8.579777 3.070325 2.502590
4.779430 0.217983 8.297535 1.023936
6.022208 9.315352 0.253088 2.181205
6.711354 5.767235 0.008242 2.341532
7.053474 0.544375 3.338572 1.480390
1.436214 5.862875 8.297172 2.835957
3.381993 6.599011 6.633937 2.281600
9.043257 2.437576 2.833212 1.101933
1.017353 5.903537 8.022618 2.159357
6.121521 6.320153 5.916466 1.428746
5.635505 6.169554 8.049752 1.469372
1.936789 8.057994 9.054518 2.798053
8.602369 2.393089 1.392213 1.007717
8.255965 9.689385 9.218368 1.327592
6.288396 5.852305 8.045960 2.066330
8.289881 0.879172 5.841320 2.861447
6.782710 3.863938 5.104018 1.580846
0.184091 1.020483 5.047959 2.163919
7.190037 3.097711 8.166455 2.825365
1.155706 7.220973 8.117089 2.951615
9.614062 9.509302 9.796658 2.574005
9.198687 9.015026 9.507985 2.097416
4.867331 7.553944 0.818735 1.631442
8.433117 6.660055 2.464446 2.043165
0.523992 7.568463 8.120057 1.141617
8.588946 3.168015 6.527679 2.155797
6.265727 4.694134 4.905809 2.484286
1.915107 3.022897 7.179507 1.305834
2.532199 6.976165 9.399196 1.346177
5.991191 8.907181 7.217968 1.171704
6.461125 8.036703 4.015733 1.978848
4.696757 6.480179 0.110069 2.044150
4.048642 8.230125 5.928833 1.527518
1.398141 2.456513 8.416572 2.532773
7.150647 3.322380 5.085300 2.813151
6.345278 2.264807 0.594924 2.775495
9.240971 9.994120 0.608362 2.046432
8.901301 7.826330 6.090683 2.072485
5.863033 0.106416 0.256669 1.111958
6.586594 0.366738 5.780540 1.127047
8.596863 1.709374 3.272825 2.999001
4.165886 1.689397 7.658871 1.263307
5.011777 2.744171 0.382287 1.271411
5.008978 0.977211 0.234531 1.849990
0.971331 0.842894 9.482110 2.974526
8.669224 5.572793 5.235059 1.906451
5.679209 5.491727 5.092048 1.453161
5.858465 0.872588 2.901040 1.891066
2.581962 6.173865 4.450332 2.349570
7.863262 2.109203 8.064381 1.575008
4.853374 8.446669 4.232093 2.972470
9.423879 4.466625 4.112301 1.079042
5.309518 3.594411 0.267842 1.795748
9.167204 5.502901 8.510999 1.969283
0.994628 3.603047 7.112217 2.370619
4.475635 0.013257 1.308421 2.411519
6.187122 5.758753 3.805445 1.810077
7.867957 1.869826 6.925423 1.544266
0.316495 1.157516 2.583683 2.948075
5.624140 6.695984 0.135584 1.186732
0.290395 0.403427 4.912401 2.891520
5.906328 3.423400 4.304013 2.380191
7.026447 1.416230 3.754050 1.300416
1.429488 5.062471 8.559679 2.523322
0.821224 2.365124 1.666994 2.737836
4.234950 8.592417 1.410512 1.910289
9.749933 3.994195 4.291819 2.074815
0.690179 4.427404 6.307731 1.196115
4.830831 1.220132 0.438174 1.147432
4.643532 4.742187 7.638115 1.333996
6.158417 1.392165 3.172062 2.517581
6.454636 1.731742 5.204515 2.455172
4.096866 6.871509 5.965041 2.666363
5.463926 7.375553 2.883261 2.042772
1.369748 7.175081 0.587931 1.411986
1.602484 6.895663 3.040502 2.286663
8.115795 3.478676 7.170473 1.551865
8.220864 4.808588 4.429307 1.875856
6.200753 7.601369 1.967186 1.531078
9.333111 7.171701 9.931248 1.685995
4.043210 5.896289 1.761793 2.901427
3.271842 4.645055 4.720993 1.928318
1.820135 5.308924 6.701519 1.684524
2.204587 9.742021 9.855934 1.064076
3.220697 7.026408 3.079709 1.288312
1.834996 7.509016 5.820842 2.607150
5.110385 7.788028 0.691138 1.888699
4.959729 0.622386 7.873473 2.800588
6.518675 9.635266 8.510074 2.958104
4.280321 3.231067 4.432108 2.220091
8.539992 1.133627 9.523075 1.148916
0.875648 9.379009 1.064960 1.819269
6.405417 4.144669 5.537907 2.648083
1.653685 1.358749 6.276163 2.352814
9.146777 6.967300 1.207566 1.821301
7.589686 9.081039 3.109444 1.821672
8.716305 1.619518 3.898879 1.599325
4.850585 8.330988 9.097082 1.678115
9.464615 8.620157 4.135155 1.068053
7.999166 5.200115 4.436608 1.880917
9.344784 9.974515 2.644997 1.199694
1.333263 8.921160 7.762540 1.096008
5.888460 8.970106 4.586546 1.695629
8.051145 7.695990 7.586508 2.353490
9.315508 1.485387 9.764076 1.833219
9.816375 8.861158 7.556670 2.856198
7.481315 1.691825 9.621252 2.096096
6.891940 4.057860 9.885065 2.247345
4.032375 2.530062 7.235194 2.073128
1.451221 4.997734 5.845679 2.467936
3.967840 0.432225 0.817827 1.403797
8.128215 8.404335 8.786436 2.488745
9.889722 8.550512 1.609816 2.941219
7.411670 9.166486 8.987086 1.978597
0.858311 8.608338 0.373466 2.550050
2.666199 0.258531 3.986976 2.339715
2.788592 1.222170 2.064212 1.847963
6.219903 7.909891 1.579494 1.037549
8.342116 2.397321 2.206728 2.294066
0.801656 0.993164 3.914053 1.138276
9.543676 5.523868 0.397475 2.391069
4.690354 9.384561 1.848331 2.109733
7.992900 2.221797 3.298915 1.131820
2.480328 7.285891 7.357672 2.053784
8.508060 9.421884 9.508733 1.945593
7.331775 1.088227 4.915707 2.134778
3.485548 7.122436 2.144221 1.857441
8.115600 6.058274 4.978582 2.531855
1.582142 5.376057 4.614623 2.254499
4.760618 6.462954 1.821160 1.550704
8.684752 5.120076 3.412617 1.233016
2.405966 0.770289 6.434000 1.182805
0.192173 5.942733 5.641991 2.504790
7.030960 0.557698 3.197839 1.103302
7.680133 5.342060 4.803712 2.159147
1.400334 9.782294 3.455009 1.596495
5.158351 8.069632 9.254971 2.983794
4.532586 1.076132 2.672487 1.643468
6.196207 6.085104 4.382418 2.720435
6.855392 0.816417 9.516200 2.409513
6.759150 5.158191 4.571514 1.758022
5.715889 7.769353 4.306619 1.679204
3.111414 9.110331 9.191755 1.902349
8.892625 2.646765 7.494223 1.810195
0.716397 6.749195 3.969945 2.049797
7.825326 6.642432 8.466321 1.804307
2.727536 2.848739 2.623707 2.916586
3.665156 2.139908 6.630494 1.084861
7.298099 1.202008 4.214417 1.602797
8.971362 8.521036 6.410009 1.416555
7.631367 5.601764 6.594523 2.304798
8.248529 4.088746 0.574968 2.792985
0.837940 4.544913 4.213909 2.732653
1.187345 2.680230 2.684800 1.782976
5.528969 5.308507 3.497810 2.838825
7.448415 0.128304 9.618432 1.949303
1.330313 3.832849 7.760501 1.060335
2.353885 4.170510 2.384450 2.997050
9.772274 8.978972 6.509243 2.604161
3.067718 7.084211 6.985729 1.781132
1.629123 1.199638 2.568925 1.563294
3.879868 5.253725 6.731350 2.881767
0.562232 0.229160 8.602962 2.602129
0.357464 8.221394 2.757161 1.337555
2.054243 0.517661 1.989451 1.881626
4.688171 4.373901 4.393379 1.892089
3.352874 0.902622 2.481249 2.284118
7.986833 9.466979 0.326250 2.923191
0.666617 2.895175 2.432425 1.909297
8.148900 9.163775 3.955323 2.742227
9.392935 2.558285 6.721780 2.950080
0.779679 9.478941 1.438177 1.566784
9.996602 3.427628 7.242050 1.936955
7.801530 1.635429 9.145219 1.230881
2.538052 1.626468 7.574995 1.104977
1.093447 7.901245 0.140841 1.352013
0.796420 2.573266 6.306549 2.789064
1.737042 0.261872 7.656453 1.225995
2.820157 4.378233 0.880377 1.719967
3.857174 2.318554 6.433759 1.770755
5.746182 3.675808 8.538549 1.709542
5.311238 7.683768 4.702115 2.569858
9.310236 2.277110 8.374174 1.080737
0.178355 8.515015 2.163747 1.194955
1.088281 8.470297 9.920096 1.565065
8.732169 7.576549 3.955300 1.310465
1.954782 4.835677 5.152162 2.162391
7.154231 1.585921 9.665731 1.580083
5.261729 8.204280 6.448124 1.114593
5.888048 1.150239 8.422256 2.039657
3.427349 6.796430 5.601967 1.721141
5.311445 7.765715 4.580479 2.279945
6.236011 4.500575 9.225049 1.993636
2.077123 3.180349 6.520506 1.806381
8.016026 1.672668 9.843861 2.034051
3.258589 9.509592 8.070669 2.704064
7.713872 4.518794 9.093286 1.720384
5.669033 7.515542 8.800204 2.819276
4.311972 4.402172 2.702085 2.924683
2.167886 7.282564 6.023143 2.680779
1.783139 5.248192 3.372077 1.772052
8.428542 9.892583 7.892168 2.288914
1.565252 7.736028 1.614825 1.964768
7.245621 9.685494 3.344159 1.991899
4.204288 2.437445 8.561413 2.974664
9.952987 7.361617 8.969702 1.852992
1.763789 1.671787 3.888375 1.786335
8.954351 9.911518 2.335572 1.147498
5.159710 5.707650 4.597752 1.717650
5.600233 2.489920 0.032820 2.433097
0.225948 1.647644 1.989325 2.494314
1.333138 5.333485 2.431062 2.107485
7.770930 0.992475 5.410746 2.544783
8.354092 4.380448 1.988875 1.023576
6.052235 5.877250 4.049556 2.001317
5.788768 6.385129 5.744076 1.189696
2.092778 0.341828 4.536730 2.538602
2.831748 4.569550 4.858496 1.611539
6.217194 6.847821 0.529265 2.510066
2.181305 2.960327 3.087758 2.990447
3.952802 8.498504 7.676151 1.461379
2.878952 9.665026 2.424775 2.786237
5.542276 6.474331 3.937773 1.266209
2.859460 9.681849 2.279522 1.990448
0.023677 6.816251 2.645249 1.571085
1.385801 7.503745 5.913121 2.520599
4.351566 6.442386 5.153327 2.306574
9.402713 8.241085 6.485105 1.671103
6.739590 4.161256 5.662409 2.923708
3.826282 8.087183 8.549729 2.873712
