1000
0.3 10.7 98.2 7.000000
0.3 10.7 98.2 6.999010
0.3 10.7 98.2 6.998020
0.3 10.7 98.2 6.997030
0.3 10.7 98.2 6.996040
0.3 10.7 98.2 6.995050
0.3 10.7 98.2 6.994059
0.3 10.7 98.2 6.993069
0.3 10.7 98.2 6.992079
0.3 10.7 98.2 6.991089
0.3 10.7 98.2 6.990099
0.3 10.7 98.2 6.989109
0.3 10.7 98.2 6.988119
0.3 10.7 98.2 6.987129
0.3 10.7 98.2 6.986139
0.3 10.7 98.2 6.985149
0.3 10.7 98.2 6.984158
0.3 10.7 98.2 6.983168
0.3 10.7 98.2 6.982178
0.3 10.7 98.2 6.981188
0.3 10.7 98.2 6.980198
0.3 10.7 98.2 6.979208
0.3 10.7 98.2 6.978218
0.3 10.7 98.2 6.977228
0.3 10.7 98.2 6.976238
0.3 10.7 98.2 6.975248
0.3 10.7 98.2 6.974257
0.3 10.7 98.2 6.973267
0.3 10.7 98.2 6.972277
0.3 10.7 98.2 6.971287
0.3 10.7 98.2 6.970297
0.3 10.7 98.2 6.969307
0.3 10.7 98.2 6.968317
0.3 10.7 98.2 6.967327
0.3 10.7 98.2 6.966337
0.3 10.7 98.2 6.965347
0.3 10.7 98.2 6.964356
0.3 10.7 98.2 6.963366
0.3 10.7 98.2 6.962376
0.3 10.7 98.2 6.961386
0.3 10.7 98.2 6.960396
0.3 10.7 98.2 6.959406
0.3 10.7 98.2 6.958416
0.3 10.7 98.2 6.957426
0.3 10.7 98.2 6.956436
0.3 10.7 98.2 6.955446
0.3 10.7 98.2 6.954455
0.3 10.7 98.2 6.953465
0.3 10.7 98.2 6.952475
0.3 10.7 98.2 6.951485
0.3 10.7 98.2 6.950495
0.3 10.7 98.2 6.949505
0.3 10.7 98.2 6.948515
0.3 10.7 98.2 6.947525
0.3 10.7 98.2 6.946535
0.3 10.7 98.2 6.945545
0.3 10.7 98.2 6.944554
0.3 10.7 98.2 6.943564
0.3 10.7 98.2 6.942574
0.3 10.7 98.2 6.941584
0.3 10.7 98.2 6.940594
0.3 10.7 98.2 6.939604
0.3 10.7 98.2 6.938614
0.3 10.7 98.2 6.937624
0.3 10.7 98.2 6.936634
0.3 10.7 98.2 6.935644
0.3 10.7 98.2 6.934653
0.3 10.7 98.2 6.933663
0.3 10.7 98.2 6.932673
0.3 10.7 98.2 6.931683
0.3 10.7 98.2 6.930693
0.3 10.7 98.2 6.929703
0.3 10.7 98.2 6.928713
0.3 10.7 98.2 6.927723
0.3 10.7 98.2 6.926733
0.3 10.7 98.2 6.925743
0.3 10.7 98.2 6.924752
0.3 10.7 98.2 6.923762
0.3 10.7 98.2 6.922772
0.3 10.7 98.2 6.921782
0.3 10.7 98.2 6.920792
0.3 10.7 98.2 6.919802
0.3 10.7 98.2 6.918812
0.3 10.7 98.2 6.917822
0.3 10.7 98.2 6.916832
0.3 10.7 98.2 6.915842
0.3 10.7 98.2 6.914851
0.3 10.7 98.2 6.913861
0.3 10.7 98.2 6.912871
0.3 10.7 98.2 6.911881
0.3 10.7 98.2 6.910891
0.3 10.7 98.2 6.909901
0.3 10.7 98.2 6.908911
0.3 10.7 98.2 6.907921
0.3 10.7 98.2 6.906931
0.3 10.7 98.2 6.905941
0.3 10.7 98.2 6.904950
0.3 10.7 98.2 6.903960
0.3 10.7 98.2 6.902970
0.3 10.7 98.2 6.901980
0.3 10.7 98.2 6.900990
0.3 10.7 98.2 6.900000
0.3 10.7 98.2 6.899010
0.3 10.7 98.2 6.898020
0.3 10.7 98.2 6.897030
0.3 10.7 98.2 6.896040
0.3 10.7 98.2 6.895050
0.3 10.7 98.2 6.894059
0.3 10.7 98.2 6.893069
0.3 10.7 98.2 6.892079
0.3 10.7 98.2 6.891089
0.3 10.7 98.2 6.890099
0.3 10.7 98.2 6.889109
0.3 10.7 98.2 6.888119
0.3 10.7 98.2 6.887129
0.3 10.7 98.2 6.886139
0.3 10.7 98.2 6.885149
0.3 10.7 98.2 6.884158
0.3 10.7 98.2 6.883168
0.3 10.7 98.2 6.882178
0.3 10.7 98.2 6.881188
0.3 10.7 98.2 6.880198
0.3 10.7 98.2 6.879208
0.3 10.7 98.2 6.878218
0.3 10.7 98.2 6.877228
0.3 10.7 98.2 6.876238
0.3 10.7 98.2 6.875248
0.3 10.7 98.2 6.874257
0.3 10.7 98.2 6.873267
0.3 10.7 98.2 6.872277
0.3 10.7 98.2 6.871287
0.3 10.7 98.2 6.870297
0.3 10.7 98.2 6.869307
0.3 10.7 98.2 6.868317
0.3 10.7 98.2 6.867327
0.3 10.7 98.2 6.866337
0.3 10.7 98.2 6.865347
0.3 10.7 98.2 6.864356
0.3 10.7 98.2 6.863366
0.3 10.7 98.2 6.862376
0.3 10.7 98.2 6.861386
0.3 10.7 98.2 6.860396
0.3 10.7 98.2 6.859406
0.3 10.7 98.2 6.858416
0.3 10.7 98.2 6.857426
0.3 10.7 98.2 6.856436
0.3 10.7 98.2 6.855446
0.3 10.7 98.2 6.854455
0.3 10.7 98.2 6.853465
0.3 10.7 98.2 6.852475
0.3 10.7 98.2 6.851485
0.3 10.7 98.2 6.850495
0.3 10.7 98.2 6.849505
0.3 10.7 98.2 6.848515
0.3 10.7 98.2 6.847525
0.3 10.7 98.2 6.846535
0.3 10.7 98.2 6.845545
0.3 10.7 98.2 6.844554
0.3 10.7 98.2 6.843564
0.3 10.7 98.2 6.842574
0.3 10.7 98.2 6.841584
0.3 10.7 98.2 6.840594
0.3 10.7 98.2 6.839604
0.3 10.7 98.2 6.838614
0.3 10.7 98.2 6.837624
0.3 10.7 98.2 6.836634
0.3 10.7 98.2 6.835644
0.3 10.7 98.2 6.834653
0.3 10.7 98.2 6.833663
0.3 10.7 98.2 6.832673
0.3 10.7 98.2 6.831683
0.3 10.7 98.2 6.830693
0.3 10.7 98.2 6.829703
0.3 10.7 98.2 6.828713
0.3 10.7 98.2 6.827723
0.3 10.7 98.2 6.826733
0.3 10.7 98.2 6.825743
0.3 10.7 98.2 6.824752
0.3 10.7 98.2 6.823762
0.3 10.7 98.2 6.822772
0.3 10.7 98.2 6.821782
0.3 10.7 98.2 6.820792
0.3 10.7 98.2 6.819802
0.3 10.7 98.2 6.818812
0.3 10.7 98.2 6.817822
0.3 10.7 98.2 6.816832
0.3 10.7 98.2 6.815842
0.3 10.7 98.2 6.814851
0.3 10.7 98.2 6.813861
0.3 10.7 98.2 6.812871
0.3 10.7 98.2 6.811881
0.3 10.7 98.2 6.810891
0.3 10.7 98.2 6.809901
0.3 10.7 98.2 6.808911
0.3 10.7 98.2 6.807921
0.3 10.7 98.2 6.806931
0.3 10.7 98.2 6.805941
0.3 10.7 98.2 6.804950
0.3 10.7 98.2 6.803960
0.3 10.7 98.2 6.802970
0.3 10.7 98.2 6.801980
0.3 10.7 98.2 6.800990
0.3 10.7 98.2 6.800000
0.3 10.7 98.2 6.799010
0.3 10.7 98.2 6.798020
0.3 10.7 98.2 6.797030
0.3 10.7 98.2 6.796040
0.3 10.7 98.2 6.795050
0.3 10.7 98.2 6.794059
0.3 10.7 98.2 6.793069
0.3 10.7 98.2 6.792079
0.3 10.7 98.2 6.791089
0.3 10.7 98.2 6.790099
0.3 10.7 98.2 6.789109
0.3 10.7 98.2 6.788119
0.3 10.7 98.2 6.787129
0.3 10.7 98.2 6.786139
0.3 10.7 98.2 6.785149
0.3 10.7 98.2 6.784158
0.3 10.7 98.2 6.783168
0.3 10.7 98.2 6.782178
0.3 10.7 98.2 6.781188
0.3 10.7 98.2 6.780198
0.3 10.7 98.2 6.779208
0.3 10.7 98.2 6.778218
0.3 10.7 98.2 6.777228
0.3 10.7 98.2 6.776238
0.3 10.7 98.2 6.775248
0.3 10.7 98.2 6.774257
0.3 10.7 98.2 6.773267
0.3 10.7 98.2 6.772277
0.3 10.7 98.2 6.771287
0.3 10.7 98.2 6.770297
0.3 10.7 98.2 6.769307
0.3 10.7 98.2 6.768317
0.3 10.7 98.2 6.767327
0.3 10.7 98.2 6.766337
0.3 10.7 98.2 6.765347
0.3 10.7 98.2 6.764356
0.3 10.7 98.2 6.763366
0.3 10.7 98.2 6.762376
0.3 10.7 98.2 6.761386
0.3 10.7 98.2 6.760396
0.3 10.7 98.2 6.759406
0.3 10.7 98.2 6.758416
0.3 10.7 98.2 6.757426
0.3 10.7 98.2 6.756436
0.3 10.7 98.2 6.755446
0.3 10.7 98.2 6.754455
0.3 10.7 98.2 6.753465
0.3 10.7 98.2 6.752475
0.3 10.7 98.2 6.751485
0.3 10.7 98.2 6.750495
0.3 10.7 98.2 6.749505
0.3 10.7 98.2 6.748515
0.3 10.7 98.2 6.747525
0.3 10.7 98.2 6.746535
0.3 10.7 98.2 6.745545
0.3 10.7 98.2 6.744554
0.3 10.7 98.2 6.743564
0.3 10.7 98.2 6.742574
0.3 10.7 98.2 6.741584
0.3 10.7 98.2 6.740594
0.3 10.7 98.2 6.739604
0.3 10.7 98.2 6.738614
0.3 10.7 98.2 6.737624
0.3 10.7 98.2 6.736634
0.3 10.7 98.2 6.735644
0.3 10.7 98.2 6.734653
0.3 10.7 98.2 6.733663
0.3 10.7 98.2 6.732673
0.3 10.7 98.2 6.731683
0.3 10.7 98.2 6.730693
0.3 10.7 98.2 6.729703
0.3 10.7 98.2 6.728713
0.3 10.7 98.2 6.727723
0.3 10.7 98.2 6.726733
0.3 10.7 98.2 6.725743
0.3 10.7 98.2 6.724752
0.3 10.7 98.2 6.723762
0.3 10.7 98.2 6.722772
0.3 10.7 98.2 6.721782
0.3 10.7 98.2 6.720792
0.3 10.7 98.2 6.719802
0.3 10.7 98.2 6.718812
0.3 10.7 98.2 6.717822
0.3 10.7 98.2 6.716832
0.3 10.7 98.2 6.715842
0.3 10.7 98.2 6.714851
0.3 10.7 98.2 6.713861
0.3 10.7 98.2 6.712871
0.3 10.7 98.2 6.711881
0.3 10.7 98.2 6.710891
0.3 10.7 98.2 6.709901
0.3 10.7 98.2 6.708911
0.3 10.7 98.2 6.707921
0.3 10.7 98.2 6.706931
0.3 10.7 98.2 6.705941
0.3 10.7 98.2 6.704950
0.3 10.7 98.2 6.703960
0.3 10.7 98.2 6.702970
0.3 10.7 98.2 6.701980
0.3 10.7 98.2 6.700990
0.3 10.7 98.2 6.700000
0.3 10.7 98.2 6.699010
0.3 10.7 98.2 6.698020
0.3 10.7 98.2 6.697030
0.3 10.7 98.2 6.696040
0.3 10.7 98.2 6.695050
0.3 10.7 98.2 6.694059
0.3 10.7 98.2 6.693069
0.3 10.7 98.2 6.692079
0.3 10.7 98.2 6.691089
0.3 10.7 98.2 6.690099
0.3 10.7 98.2 6.689109
0.3 10.7 98.2 6.688119
0.3 10.7 98.2 6.687129
0.3 10.7 98.2 6.686139
0.3 10.7 98.2 6.685149
0.3 10.7 98.2 6.684158
0.3 10.7 98.2 6.683168
0.3 10.7 98.2 6.682178
0.3 10.7 98.2 6.681188
0.3 10.7 98.2 6.680198
0.3 10.7 98.2 6.679208
0.3 10.7 98.2 6.678218
0.3 10.7 98.2 6.677228
0.3 10.7 98.2 6.676238
0.3 10.7 98.2 6.675248
0.3 10.7 98.2 6.674257
0.3 10.7 98.2 6.673267
0.3 10.7 98.2 6.672277
0.3 10.7 98.2 6.671287
0.3 10.7 98.2 6.670297
0.3 10.7 98.2 6.669307
0.3 10.7 98.2 6.668317
0.3 10.7 98.2 6.667327
0.3 10.7 98.2 6.666337
0.3 10.7 98.2 6.665347
0.3 10.7 98.2 6.664356
0.3 10.7 98.2 6.663366
0.3 10.7 98.2 6.662376
0.3 10.7 98.2 6.661386
0.3 10.7 98.2 6.660396
0.3 10.7 98.2 6.659406
0.3 10.7 98.2 6.658416
0.3 10.7 98.2 6.657426
0.3 10.7 98.2 6.656436
0.3 10.7 98.2 6.655446
0.3 10.7 98.2 6.654455
0.3 10.7 98.2 6.653465
0.3 10.7 98.2 6.652475
0.3 10.7 98.2 6.651485
0.3 10.7 98.2 6.650495
0.3 10.7 98.2 6.649505
0.3 10.7 98.2 6.648515
0.3 10.7 98.2 6.647525
0.3 10.7 98.2 6.646535
0.3 10.7 98.2 6.645545
0.3 10.7 98.2 6.644554
0.3 10.7 98.2 6.643564
0.3 10.7 98.2 6.642574
0.3 10.7 98.2 6.641584
0.3 10.7 98.2 6.640594
0.3 10.7 98.2 6.639604
0.3 10.7 98.2 6.638614
0.3 10.7 98.2 6.637624
0.3 10.7 98.2 6.636634
0.3 10.7 98.2 6.635644
0.3 10.7 98.2 6.634653
0.3 10.7 98.2 6.633663
0.3 10.7 98.2 6.632673
0.3 10.7 98.2 6.631683
0.3 10.7 98.2 6.630693
0.3 10.7 98.2 6.629703
0.3 10.7 98.2 6.628713
0.3 10.7 98.2 6.627723
0.3 10.7 98.2 6.626733
0.3 10.7 98.2 6.625743
0.3 10.7 98.2 6.624752
0.3 10.7 98.2 6.623762
0.3 10.7 98.2 6.622772
0.3 10.7 98.2 6.621782
0.3 10.7 98.2 6.620792
0.3 10.7 98.2 6.619802
0.3 10.7 98.2 6.618812
0.3 10.7 98.2 6.617822
0.3 10.7 98.2 6.616832
0.3 10.7 98.2 6.615842
0.3 10.7 98.2 6.614851
0.3 10.7 98.2 6.613861
0.3 10.7 98.2 6.612871
0.3 10.7 98.2 6.611881
0.3 10.7 98.2 6.610891
0.3 10.7 98.2 6.609901
0.3 10.7 98.2 6.608911
0.3 10.7 98.2 6.607921
0.3 10.7 98.2 6.606931
0.3 10.7 98.2 6.605941
0.3 10.7 98.2 6.604950
0.3 10.7 98.2 6.603960
0.3 10.7 98.2 6.602970
0.3 10.7 98.2 6.601980
0.3 10.7 98.2 6.600990
0.3 10.7 98.2 6.600000
0.3 10.7 98.2 6.599010
0.3 10.7 98.2 6.598020
0.3 10.7 98.2 6.597030
0.3 10.7 98.2 6.596040
0.3 10.7 98.2 6.595050
0.3 10.7 98.2 6.594059
0.3 10.7 98.2 6.593069
0.3 10.7 98.2 6.592079
0.3 10.7 98.2 6.591089
0.3 10.7 98.2 6.590099
0.3 10.7 98.2 6.589109
0.3 10.7 98.2 6.588119
0.3 10.7 98.2 6.587129
0.3 10.7 98.2 6.586139
0.3 10.7 98.2 6.585149
0.3 10.7 98.2 6.584158
0.3 10.7 98.2 6.583168
0.3 10.7 98.2 6.582178
0.3 10.7 98.2 6.581188
0.3 10.7 98.2 6.580198
0.3 10.7 98.2 6.579208
0.3 10.7 98.2 6.578218
0.3 10.7 98.2 6.577228
0.3 10.7 98.2 6.576238
0.3 10.7 98.2 6.575248
0.3 10.7 98.2 6.574257
0.3 10.7 98.2 6.573267
0.3 10.7 98.2 6.572277
0.3 10.7 98.2 6.571287
0.3 10.7 98.2 6.570297
0.3 10.7 98.2 6.569307
0.3 10.7 98.2 6.568317
0.3 10.7 98.2 6.567327
0.3 10.7 98.2 6.566337
0.3 10.7 98.2 6.565347
0.3 10.7 98.2 6.564356
0.3 10.7 98.2 6.563366
0.3 10.7 98.2 6.562376
0.3 10.7 98.2 6.561386
0.3 10.7 98.2 6.560396
0.3 10.7 98.2 6.559406
0.3 10.7 98.2 6.558416
0.3 10.7 98.2 6.557426
0.3 10.7 98.2 6.556436
0.3 10.7 98.2 6.555446
0.3 10.7 98.2 6.554455
0.3 10.7 98.2 6.553465
0.3 10.7 98.2 6.552475
0.3 10.7 98.2 6.551485
0.3 10.7 98.2 6.550495
0.3 10.7 98.2 6.549505
0.3 10.7 98.2 6.548515
0.3 10.7 98.2 6.547525
0.3 10.7 98.2 6.546535
0.3 10.7 98.2 6.545545
0.3 10.7 98.2 6.544554
0.3 10.7 98.2 6.543564
0.3 10.7 98.2 6.542574
0.3 10.7 98.2 6.541584
0.3 10.7 98.2 6.540594
0.3 10.7 98.2 6.539604
0.3 10.7 98.2 6.538614
0.3 10.7 98.2 6.537624
0.3 10.7 98.2 6.536634
0.3 10.7 98.2 6.535644
0.3 10.7 98.2 6.534653
0.3 10.7 98.2 6.533663
0.3 10.7 98.2 6.532673
0.3 10.7 98.2 6.531683
0.3 10.7 98.2 6.530693
0.3 10.7 98.2 6.529703
0.3 10.7 98.2 6.528713
0.3 10.7 98.2 6.527723
0.3 10.7 98.2 6.526733
0.3 10.7 98.2 6.525743
0.3 10.7 98.2 6.524752
0.3 10.7 98.2 6.523762
0.3 10.7 98.2 6.522772
0.3 10.7 98.2 6.521782
0.3 10.7 98.2 6.520792
0.3 10.7 98.2 6.519802
0.3 10.7 98.2 6.518812
0.3 10.7 98.2 6.517822
0.3 10.7 98.2 6.516832
0.3 10.7 98.2 6.515842
0.3 10.7 98.2 6.514851
0.3 10.7 98.2 6.513861
0.3 10.7 98.2 6.512871
0.3 10.7 98.2 6.511881
0.3 10.7 98.2 6.510891
0.3 10.7 98.2 6.509901
0.3 10.7 98.2 6.508911
0.3 10.7 98.2 6.507921
0.3 10.7 98.2 6.506931
0.3 10.7 98.2 6.505941
0.3 10.7 98.2 6.504950
0.3 10.7 98.2 6.503960
0.3 10.7 98.2 6.502970
0.3 10.7 98.2 6.501980
0.3 10.7 98.2 6.500990
0.3 10.7 98.2 6.500000
0.3 10.7 98.2 6.499010
0.3 10.7 98.2 6.498020
0.3 10.7 98.2 6.497030
0.3 10.7 98.2 6.496040
0.3 10.7 98.2 6.495050
0.3 10.7 98.2 6.494059
0.3 10.7 98.2 6.493069
0.3 10.7 98.2 6.492079
0.3 10.7 98.2 6.491089
0.3 10.7 98.2 6.490099
0.3 10.7 98.2 6.489109
0.3 10.7 98.2 6.488119
0.3 10.7 98.2 6.487129
0.3 10.7 98.2 6.486139
0.3 10.7 98.2 6.485149
0.3 10.7 98.2 6.484158
0.3 10.7 98.2 6.483168
0.3 10.7 98.2 6.482178
0.3 10.7 98.2 6.481188
0.3 10.7 98.2 6.480198
0.3 10.7 98.2 6.479208
0.3 10.7 98.2 6.478218
0.3 10.7 98.2 6.477228
0.3 10.7 98.2 6.476238
0.3 10.7 98.2 6.475248
0.3 10.7 98.2 6.474257
0.3 10.7 98.2 6.473267
0.3 10.7 98.2 6.472277
0.3 10.7 98.2 6.471287
0.3 10.7 98.2 6.470297
0.3 10.7 98.2 6.469307
0.3 10.7 98.2 6.468317
0.3 10.7 98.2 6.467327
0.3 10.7 98.2 6.466337
0.3 10.7 98.2 6.465347
0.3 10.7 98.2 6.464356
0.3 10.7 98.2 6.463366
0.3 10.7 98.2 6.462376
0.3 10.7 98.2 6.461386
0.3 10.7 98.2 6.460396
0.3 10.7 98.2 6.459406
0.3 10.7 98.2 6.458416
0.3 10.7 98.2 6.457426
0.3 10.7 98.2 6.456436
0.3 10.7 98.2 6.455446
0.3 10.7 98.2 6.454455
0.3 10.7 98.2 6.453465
0.3 10.7 98.2 6.452475
0.3 10.7 98.2 6.451485
0.3 10.7 98.2 6.450495
0.3 10.7 98.2 6.449505
0.3 10.7 98.2 6.448515
0.3 10.7 98.2 6.447525
0.3 10.7 98.2 6.446535
0.3 10.7 98.2 6.445545
0.3 10.7 98.2 6.444554
0.3 10.7 98.2 6.443564
0.3 10.7 98.2 6.442574
0.3 10.7 98.2 6.441584
0.3 10.7 98.2 6.440594
0.3 10.7 98.2 6.439604
0.3 10.7 98.2 6.438614
0.3 10.7 98.2 6.437624
0.3 10.7 98.2 6.436634
0.3 10.7 98.2 6.435644
0.3 10.7 98.2 6.434653
0.3 10.7 98.2 6.433663
0.3 10.7 98.2 6.432673
0.3 10.7 98.2 6.431683
0.3 10.7 98.2 6.430693
0.3 10.7 98.2 6.429703
0.3 10.7 98.2 6.428713
0.3 10.7 98.2 6.427723
0.3 10.7 98.2 6.426733
0.3 10.7 98.2 6.425743
0.3 10.7 98.2 6.424752
0.3 10.7 98.2 6.423762
0.3 10.7 98.2 6.422772
0.3 10.7 98.2 6.421782
0.3 10.7 98.2 6.420792
0.3 10.7 98.2 6.419802
0.3 10.7 98.2 6.418812
0.3 10.7 98.2 6.417822
0.3 10.7 98.2 6.416832
0.3 10.7 98.2 6.415842
0.3 10.7 98.2 6.414851
0.3 10.7 98.2 6.413861
0.3 10.7 98.2 6.412871
0.3 10.7 98.2 6.411881
0.3 10.7 98.2 6.410891
0.3 10.7 98.2 6.409901
0.3 10.7 98.2 6.408911
0.3 10.7 98.2 6.407921
0.3 10.7 98.2 6.406931
0.3 10.7 98.2 6.405941
0.3 10.7 98.2 6.404950
0.3 10.7 98.2 6.403960
0.3 10.7 98.2 6.402970
0.3 10.7 98.2 6.401980
0.3 10.7 98.2 6.400990
0.3 10.7 98.2 6.400000
0.3 10.7 98.2 6.399010
0.3 10.7 98.2 6.398020
0.3 10.7 98.2 6.397030
0.3 10.7 98.2 6.396040
0.3 10.7 98.2 6.395050
0.3 10.7 98.2 6.394059
0.3 10.7 98.2 6.393069
0.3 10.7 98.2 6.392079
0.3 10.7 98.2 6.391089
0.3 10.7 98.2 6.390099
0.3 10.7 98.2 6.389109
0.3 10.7 98.2 6.388119
0.3 10.7 98.2 6.387129
0.3 10.7 98.2 6.386139
0.3 10.7 98.2 6.385149
0.3 10.7 98.2 6.384158
0.3 10.7 98.2 6.383168
0.3 10.7 98.2 6.382178
0.3 10.7 98.2 6.381188
0.3 10.7 98.2 6.380198
0.3 10.7 98.2 6.379208
0.3 10.7 98.2 6.378218
0.3 10.7 98.2 6.377228
0.3 10.7 98.2 6.376238
0.3 10.7 98.2 6.375248
0.3 10.7 98.2 6.374257
0.3 10.7 98.2 6.373267
0.3 10.7 98.2 6.372277
0.3 10.7 98.2 6.371287
0.3 10.7 98.2 6.370297
0.3 10.7 98.2 6.369307
0.3 10.7 98.2 6.368317
0.3 10.7 98.2 6.367327
0.3 10.7 98.2 6.366337
0.3 10.7 98.2 6.365347
0.3 10.7 98.2 6.364356
0.3 10.7 98.2 6.363366
0.3 10.7 98.2 6.362376
0.3 10.7 98.2 6.361386
0.3 10.7 98.2 6.360396
0.3 10.7 98.2 6.359406
0.3 10.7 98.2 6.358416
0.3 10.7 98.2 6.357426
0.3 10.7 98.2 6.356436
0.3 10.7 98.2 6.355446
0.3 10.7 98.2 6.354455
0.3 10.7 98.2 6.353465
0.3 10.7 98.2 6.352475
0.3 10.7 98.2 6.351485
0.3 10.7 98.2 6.350495
0.3 10.7 98.2 6.349505
0.3 10.7 98.2 6.348515
0.3 10.7 98.2 6.347525
0.3 10.7 98.2 6.346535
0.3 10.7 98.2 6.345545
0.3 10.7 98.2 6.344554
0.3 10.7 98.2 6.343564
0.3 10.7 98.2 6.342574
0.3 10.7 98.2 6.341584
0.3 10.7 98.2 6.340594
0.3 10.7 98.2 6.339604
0.3 10.7 98.2 6.338614
0.3 10.7 98.2 6.337624
0.3 10.7 98.2 6.336634
0.3 10.7 98.2 6.335644
0.3 10.7 98.2 6.334653
0.3 10.7 98.2 6.333663
0.3 10.7 98.2 6.332673
0.3 10.7 98.2 6.331683
0.3 10.7 98.2 6.330693
0.3 10.7 98.2 6.329703
0.3 10.7 98.2 6.328713
0.3 10.7 98.2 6.327723
0.3 10.7 98.2 6.326733
0.3 10.7 98.2 6.325743
0.3 10.7 98.2 6.324752
0.3 10.7 98.2 6.323762
0.3 10.7 98.2 6.322772
0.3 10.7 98.2 6.321782
0.3 10.7 98.2 6.320792
0.3 10.7 98.2 6.319802
0.3 10.7 98.2 6.318812
0.3 10.7 98.2 6.317822
0.3 10.7 98.2 6.316832
0.3 10.7 98.2 6.315842
0.3 10.7 98.2 6.314851
0.3 10.7 98.2 6.313861
0.3 10.7 98.2 6.312871
0.3 10.7 98.2 6.311881
0.3 10.7 98.2 6.310891
0.3 10.7 98.2 6.309901
0.3 10.7 98.2 6.308911
0.3 10.7 98.2 6.307921
0.3 10.7 98.2 6.306931
0.3 10.7 98.2 6.305941
0.3 10.7 98.2 6.304950
0.3 10.7 98.2 6.303960
0.3 10.7 98.2 6.302970
0.3 10.7 98.2 6.301980
0.3 10.7 98.2 6.300990
0.3 10.7 98.2 6.300000
0.3 10.7 98.2 6.299010
0.3 10.7 98.2 6.298020
0.3 10.7 98.2 6.297030
0.3 10.7 98.2 6.296040
0.3 10.7 98.2 6.295050
0.3 10.7 98.2 6.294059
0.3 10.7 98.2 6.293069
0.3 10.7 98.2 6.292079
0.3 10.7 98.2 6.291089
0.3 10.7 98.2 6.290099
0.3 10.7 98.2 6.289109
0.3 10.7 98.2 6.288119
0.3 10.7 98.2 6.287129
0.3 10.7 98.2 6.286139
0.3 10.7 98.2 6.285149
0.3 10.7 98.2 6.284158
0.3 10.7 98.2 6.283168
0.3 10.7 98.2 6.282178
0.3 10.7 98.2 6.281188
0.3 10.7 98.2 6.280198
0.3 10.7 98.2 6.279208
0.3 10.7 98.2 6.278218
0.3 10.7 98.2 6.277228
0.3 10.7 98.2 6.276238
0.3 10.7 98.2 6.275248
0.3 10.7 98.2 6.274257
0.3 10.7 98.2 6.273267
0.3 10.7 98.2 6.272277
0.3 10.7 98.2 6.271287
0.3 10.7 98.2 6.270297
0.3 10.7 98.2 6.269307
0.3 10.7 98.2 6.268317
0.3 10.7 98.2 6.267327
0.3 10.7 98.2 6.266337
0.3 10.7 98.2 6.265347
0.3 10.7 98.2 6.264356
0.3 10.7 98.2 6.263366
0.3 10.7 98.2 6.262376
0.3 10.7 98.2 6.261386
0.3 10.7 98.2 6.260396
0.3 10.7 98.2 6.259406
0.3 10.7 98.2 6.258416
0.3 10.7 98.2 6.257426
0.3 10.7 98.2 6.256436
0.3 10.7 98.2 6.255446
0.3 10.7 98.2 6.254455
0.3 10.7 98.2 6.253465
0.3 10.7 98.2 6.252475
0.3 10.7 98.2 6.251485
0.3 10.7 98.2 6.250495
0.3 10.7 98.2 6.249505
0.3 10.7 98.2 6.248515
0.3 10.7 98.2 6.247525
0.3 10.7 98.2 6.246535
0.3 10.7 98.2 6.245545
0.3 10.7 98.2 6.244554
0.3 10.7 98.2 6.243564
0.3 10.7 98.2 6.242574
0.3 10.7 98.2 6.241584
0.3 10.7 98.2 6.240594
0.3 10.7 98.2 6.239604
0.3 10.7 98.2 6.238614
0.3 10.7 98.2 6.237624
0.3 10.7 98.2 6.236634
0.3 10.7 98.2 6.235644
0.3 10.7 98.2 6.234653
0.3 10.7 98.2 6.233663
0.3 10.7 98.2 6.232673
0.3 10.7 98.2 6.231683
0.3 10.7 98.2 6.230693
0.3 10.7 98.2 6.229703
0.3 10.7 98.2 6.228713
0.3 10.7 98.2 6.227723
0.3 10.7 98.2 6.226733
0.3 10.7 98.2 6.225743
0.3 10.7 98.2 6.224752
0.3 10.7 98.2 6.223762
0.3 10.7 98.2 6.222772
0.3 10.7 98.2 6.221782
0.3 10.7 98.2 6.220792
0.3 10.7 98.2 6.219802
0.3 10.7 98.2 6.218812
0.3 10.7 98.2 6.217822
0.3 10.7 98.2 6.216832
0.3 10.7 98.2 6.215842
0.3 10.7 98.2 6.214851
0.3 10.7 98.2 6.213861
0.3 10.7 98.2 6.212871
0.3 10.7 98.2 6.211881
0.3 10.7 98.2 6.210891
0.3 10.7 98.2 6.209901
0.3 10.7 98.2 6.208911
0.3 10.7 98.2 6.207921
0.3 10.7 98.2 6.206931
0.3 10.7 98.2 6.205941
0.3 10.7 98.2 6.204950
0.3 10.7 98.2 6.203960
0.3 10.7 98.2 6.202970
0.3 10.7 98.2 6.201980
0.3 10.7 98.2 6.200990
0.3 10.7 98.2 6.200000
0.3 10.7 98.2 6.199010
0.3 10.7 98.2 6.198020
0.3 10.7 98.2 6.197030
0.3 10.7 98.2 6.196040
0.3 10.7 98.2 6.195050
0.3 10.7 98.2 6.194059
0.3 10.7 98.2 6.193069
0.3 10.7 98.2 6.192079
0.3 10.7 98.2 6.191089
0.3 10.7 98.2 6.190099
0.3 10.7 98.2 6.189109
0.3 10.7 98.2 6.188119
0.3 10.7 98.2 6.187129
0.3 10.7 98.2 6.186139
0.3 10.7 98.2 6.185149
0.3 10.7 98.2 6.184158
0.3 10.7 98.2 6.183168
0.3 10.7 98.2 6.182178
0.3 10.7 98.2 6.181188
0.3 10.7 98.2 6.180198
0.3 10.7 98.2 6.179208
0.3 10.7 98.2 6.178218
0.3 10.7 98.2 6.177228
0.3 10.7 98.2 6.176238
0.3 10.7 98.2 6.175248
0.3 10.7 98.2 6.174257
0.3 10.7 98.2 6.173267
0.3 10.7 98.2 6.172277
0.3 10.7 98.2 6.171287
0.3 10.7 98.2 6.170297
0.3 10.7 98.2 6.169307
0.3 10.7 98.2 6.168317
0.3 10.7 98.2 6.167327
0.3 10.7 98.2 6.166337
0.3 10.7 98.2 6.165347
0.3 10.7 98.2 6.164356
0.3 10.7 98.2 6.163366
0.3 10.7 98.2 6.162376
0.3 10.7 98.2 6.161386
0.3 10.7 98.2 6.160396
0.3 10.7 98.2 6.159406
0.3 10.7 98.2 6.158416
0.3 10.7 98.2 6.157426
0.3 10.7 98.2 6.156436
0.3 10.7 98.2 6.155446
0.3 10.7 98.2 6.154455
0.3 10.7 98.2 6.153465
0.3 10.7 98.2 6.152475
0.3 10.7 98.2 6.151485
0.3 10.7 98.2 6.150495
0.3 10.7 98.2 6.149505
0.3 10.7 98.2 6.148515
0.3 10.7 98.2 6.147525
0.3 10.7 98.2 6.146535
0.3 10.7 98.2 6.145545
0.3 10.7 98.2 6.144554
0.3 10.7 98.2 6.143564
0.3 10.7 98.2 6.142574
0.3 10.7 98.2 6.141584
0.3 10.7 98.2 6.140594
0.3 10.7 98.2 6.139604
0.3 10.7 98.2 6.138614
0.3 10.7 98.2 6.137624
0.3 10.7 98.2 6.136634
0.3 10.7 98.2 6.135644
0.3 10.7 98.2 6.134653
0.3 10.7 98.2 6.133663
0.3 10.7 98.2 6.132673
0.3 10.7 98.2 6.131683
0.3 10.7 98.2 6.130693
0.3 10.7 98.2 6.129703
0.3 10.7 98.2 6.128713
0.3 10.7 98.2 6.127723
0.3 10.7 98.2 6.126733
0.3 10.7 98.2 6.125743
0.3 10.7 98.2 6.124752
0.3 10.7 98.2 6.123762
0.3 10.7 98.2 6.122772
0.3 10.7 98.2 6.121782
0.3 10.7 98.2 6.120792
0.3 10.7 98.2 6.119802
0.3 10.7 98.2 6.118812
0.3 10.7 98.2 6.117822
0.3 10.7 98.2 6.116832
0.3 10.7 98.2 6.115842
0.3 10.7 98.2 6.114851
0.3 10.7 98.2 6.113861
0.3 10.7 98.2 6.112871
0.3 10.7 98.2 6.111881
0.3 10.7 98.2 6.110891
0.3 10.7 98.2 6.109901
0.3 10.7 98.2 6.108911
0.3 10.7 98.2 6.107921
0.3 10.7 98.2 6.106931
0.3 10.7 98.2 6.105941
0.3 10.7 98.2 6.104950
0.3 10.7 98.2 6.103960
0.3 10.7 98.2 6.102970
0.3 10.7 98.2 6.101980
0.3 10.7 98.2 6.100990
0.3 10.7 98.2 6.100000
0.3 10.7 98.2 6.099010
0.3 10.7 98.2 6.098020
0.3 10.7 98.2 6.097030
0.3 10.7 98.2 6.096040
0.3 10.7 98.2 6.095050
0.3 10.7 98.2 6.094059
0.3 10.7 98.2 6.093069
0.3 10.7 98.2 6.092079
0.3 10.7 98.2 6.091089
0.3 10.7 98.2 6.090099
0.3 10.7 98.2 6.089109
0.3 10.7 98.2 6.088119
0.3 10.7 98.2 6.087129
0.3 10.7 98.2 6.086139
0.3 10.7 98.2 6.085149
0.3 10.7 98.2 6.084158
0.3 10.7 98.2 6.083168
0.3 10.7 98.2 6.082178
0.3 10.7 98.2 6.081188
0.3 10.7 98.2 6.080198
0.3 10.7 98.2 6.079208
0.3 10.7 98.2 6.078218
0.3 10.7 98.2 6.077228
0.3 10.7 98.2 6.076238
0.3 10.7 98.2 6.075248
0.3 10.7 98.2 6.074257
0.3 10.7 98.2 6.073267
0.3 10.7 98.2 6.072277
0.3 10.7 98.2 6.071287
0.3 10.7 98.2 6.070297
0.3 10.7 98.2 6.069307
0.3 10.7 98.2 6.068317
0.3 10.7 98.2 6.067327
0.3 10.7 98.2 6.066337
0.3 10.7 98.2 6.065347
0.3 10.7 98.2 6.064356
0.3 10.7 98.2 6.063366
0.3 10.7 98.2 6.062376
0.3 10.7 98.2 6.061386
0.3 10.7 98.2 6.060396
0.3 10.7 98.2 6.059406
0.3 10.7 98.2 6.058416
0.3 10.7 98.2 6.057426
0.3 10.7 98.2 6.056436
0.3 10.7 98.2 6.055446
0.3 10.7 98.2 6.054455
0.3 10.7 98.2 6.053465
0.3 10.7 98.2 6.052475
0.3 10.7 98.2 6.051485
0.3 10.7 98.2 6.050495
0.3 10.7 98.2 6.049505
0.3 10.7 98.2 6.048515
0.3 10.7 98.2 6.047525
0.3 10.7 98.2 6.046535
0.3 10.7 98.2 6.045545
0.3 10.7 98.2 6.044554
0.3 10.7 98.2 6.043564
0.3 10.7 98.2 6.042574
0.3 10.7 98.2 6.041584
0.3 10.7 98.2 6.040594
0.3 10.7 98.2 6.039604
0.3 10.7 98.2 6.038614
0.3 10.7 98.2 6.037624
0.3 10.7 98.2 6.036634
0.3 10.7 98.2 6.035644
0.3 10.7 98.2 6.034653
0.3 10.7 98.2 6.033663
0.3 10.7 98.2 6.032673
0.3 10.7 98.2 6.031683
0.3 10.7 98.2 6.030693
0.3 10.7 98.2 6.029703
0.3 10.7 98.2 6.028713
0.3 10.7 98.2 6.027723
0.3 10.7 98.2 6.026733
0.3 10.7 98.2 6.025743
0.3 10.7 98.2 6.024752
0.3 10.7 98.2 6.023762
0.3 10.7 98.2 6.022772
0.3 10.7 98.2 6.021782
0.3 10.7 98.2 6.020792
0.3 10.7 98.2 6.019802
0.3 10.7 98.2 6.018812
0.3 10.7 98.2 6.017822
0.3 10.7 98.2 6.016832
0.3 10.7 98.2 6.015842
0.3 10.7 98.2 6.014851
0.3 10.7 98.2 6.013861
0.3 10.7 98.2 6.012871
0.3 10.7 98.2 6.011881
0.3 10.7 98.2 6.010891
